gamma,scenario,gcm,slidinglaw,2007,2008,2009,2010,2011,2012,2013,2014,2015,2016,2017,2018,2019,2020,2021,2022,2023,2024,2025,2026,2027,2028,2029,2030,2031,2032,2033,2034,2035,2036,2037,2038,2039,2040,2041,2042,2043,2044,2045,2046,2047,2048,2049,2050,2051,2052,2053,2054,2055,2056,2057,2058,2059,2060,2061,2062,2063,2064,2065,2066,2067,2068,2069,2070,2071,2072,2073,2074,2075,2076,2077,2078,2079,2080,2081,2082,2083,2084,2085,2086,2087,2088,2089,2090,2091,2092,2093,2094,2095,2096,2097,2098,2099,2100,2101,2102,2103,2104,2105,2106,2107,2108,2109,2110,2111,2112,2113,2114,2115,2116,2117,2118,2119,2120,2121,2122,2123,2124,2125,2126,2127,2128,2129,2130,2131,2132,2133,2134,2135,2136,2137,2138,2139,2140,2141,2142,2143,2144,2145,2146,2147,2148,2149,2150,2151,2152,2153,2154,2155,2156,2157,2158,2159,2160,2161,2162,2163,2164,2165,2166,2167,2168,2169,2170,2171,2172,2173,2174,2175,2176,2177,2178,2179,2180,2181,2182,2183,2184,2185,2186,2187,2188,2189,2190,2191,2192,2193,2194,2195,2196,2197,2198,2199,2200,2201,2202,2203,2204,2205,2206,2207,2208,2209,2210,2211,2212,2213,2214,2215,2216,2217,2218,2219,2220,2221,2222,2223,2224,2225,2226,2227,2228,2229,2230,2231,2232,2233,2234,2235,2236,2237,2238,2239,2240,2241,2242,2243,2244,2245,2246,2247,2248,2249,2250,2251,2252,2253,2254,2255,2256,2257,2258,2259,2260,2261,2262,2263,2264,2265,2266,2267,2268,2269,2270,2271,2272,2273,2274,2275,2276,2277,2278,2279,2280,2281,2282,2283,2284,2285,2286,2287,2288,2289,2290,2291,2292,2293,2294,2295,2296,2297,2298,2299,2300
meanAnt,ssp534-over,CESM2-WACCM,J300,0.0,-0.0007176602126421,-0.0011757532732107,-0.001858242931186,-0.0023968327644449,-0.0026084710339156,-0.0029997271450397,-0.0035164207787921,-0.0040910072207352,-0.0049174561884791,-0.0056847415119446,-0.0062556799541424,-0.0068710633537128,-0.0075913045436571,-0.0082375658861783,-0.009319837802361,-0.0104784445804916,-0.0114844994317368,-0.0121850666490485,-0.0135061801094835,-0.0151184491457242,-0.0166129355886786,-0.0180536983942859,-0.0196338299658966,-0.0211203534375186,-0.0226294542045574,-0.0244578151232131,-0.0259702893336607,-0.0272426098277688,-0.0285065029784436,-0.0298856180648802,-0.0314355789287744,-0.0328419177938919,-0.0339634696559589,-0.0349959841122365,-0.0361278109433934,-0.0372692973548454,-0.0386600794170048,-0.0401118381770156,-0.0412636704933987,-0.042398951788958,-0.043362210338583,-0.0444542196555098,-0.0459423473214746,-0.0472064077800647,-0.0484591308930846,-0.0499014424542476,-0.0513131454858507,-0.0526542950998308,-0.0537928949032879,-0.0550095788557175,-0.0563697295677732,-0.0578469445107317,-0.0594365369692239,-0.0607211974305444,-0.0615833432611994,-0.0626250777894173,-0.063673907951737,-0.0644731606060304,-0.0655488864702779,-0.0667324881800925,-0.0677901678912016,-0.0688753216315598,-0.0701240505791346,-0.0714932781318184,-0.0726907196238106,-0.0739287013780265,-0.0750020861826274,-0.0763036098330083,-0.0775952853377735,-0.078849632844191,-0.0801674800217108,-0.081340752319345,-0.0824501486157698,-0.0834571040327857,-0.0843983706693095,-0.0855446048616066,-0.0868365068285284,-0.0881464022126099,-0.0892525464417276,-0.0903511058440564,-0.091605334286835,-0.0932090138374916,-0.0946156332575952,-0.0956634254272247,-0.0966948418893134,-0.0975629468185731,-0.0984478995439454,-0.0996765297038808,-0.1008982790207529,-0.102109001971038,-0.1034934989039206,-0.1049863585337891,-0.1063085710508039,-0.1076668007684461,-0.1094430435456375,-0.1109325645902824,-0.1121670420409344,-0.1134442247088114,-0.1147883060061604,-0.1162356271561097,-0.1175410871008231,-0.1186144781593405,-0.1198746381198312,-0.1212006516499299,-0.1227244605350399,-0.1241868205792428,-0.125454934204015,-0.1265276060359785,-0.1278882595609785,-0.1292693382982326,-0.1304716047131289,-0.1318071922344106,-0.1329379477027567,-0.1341744944815137,-0.1356570625888966,-0.1372131697691337,-0.1386531512887114,-0.1398083696756043,-0.1412434917511464,-0.1424579850571159,-0.1435409215637976,-0.1445560504744826,-0.1458860157057644,-0.147304133476862,-0.148303635544804,-0.1491623524787431,-0.150091054942303,-0.1512366729088419,-0.152260764717572,-0.1529418934538729,-0.1537078516506993,-0.1548764312464358,-0.1561055241509663,-0.157198580364888,-0.1581882254522023,-0.1592458995968681,-0.1604899330228552,-0.1616941646502483,-0.1628388500254896,-0.164095582680834,-0.1652194554428558,-0.1664253548288531,-0.1676882923507974,-0.1686596207846399,-0.1696853187582392,-0.1708324177393258,-0.1718508543660671,-0.172809789109153,-0.1736565789270267,-0.1745391436810059,-0.1754597753893109,-0.1762007371788183,-0.1770942160687543,-0.1781996792261371,-0.179221701413325,-0.1801392336680918,-0.1809722127328502,-0.1819666644507882,-0.1832660651247893,-0.1845499405326822,-0.1856643313864928,-0.1866545201372901,-0.1875576037487319,-0.1886932636239271,-0.189975542299774,-0.1911699551421387,-0.1923637463179959,-0.1935022328524184,-0.1946648175554434,-0.195785814083168,-0.1968338779695343,-0.1979018832154606,-0.1989387587430131,-0.2002019952488928,-0.2014682650687258,-0.202511185899555,-0.2035204406751578,-0.2044284486856137,-0.2051804673536181,-0.2060684526735803,-0.2069346616500798,-0.2078592519166313,-0.2087447658282325,-0.2096005223030592,-0.2106218903394332,-0.2114417896547421,-0.2123494873142719,-0.2134839100142384,-0.2148022038826794,-0.2158706286363909,-0.2168189087574956,-0.2180151694998974,-0.2192547355839687,-0.2202006237888386,-0.2211561162991936,-0.2224698181359121,-0.2237912627558304,-0.2248257731505547,-0.2255668876868764,-0.2263572996462513,-0.2273805339492964,-0.2287203056919276,-0.2301062250910044,-0.2311028723751678,-0.2319538574005241,-0.2326971269412682,-0.2337045537694245,-0.2349835666553635,-0.2361019998787168,-0.2369957595957028,-0.2378690799850511,-0.2388299661426661,-0.2397790107362382,-0.2406438217787453,-0.241546748549826,-0.2423865718081042,-0.2433421553700566,-0.2445374540355415,-0.2455988988931502,-0.2464359115552762,-0.2472884823199594,-0.2481636712937993,-0.2491496026166912,-0.2503172561493345,-0.2513047834667524,-0.2521161202498116,-0.2530107700234245,-0.2540509664784675,-0.2549976787413839,-0.2557352852180837,-0.2565080496451302,-0.257509814929696,-0.2584630854670531,-0.259231558369998,-0.2600156157270107,-0.2609054873755875,-0.2618239854096307,-0.2628447241522849,-0.2635805841763924,-0.2644663306518686,-0.2652452842211979,-0.2660208246519202,-0.2669162379534783,-0.2676762193982387,-0.2685550186218659,-0.2693457746077084,-0.2700912909606684,-0.2709345781842138,-0.2716915567846124,-0.2725839501769052,-0.2738082176813847,-0.2750556984656594,-0.2759538273544435,-0.2768959376037536,-0.2778457027130467,-0.2788316674028566,-0.2797175972182309,-0.2805679674692977,-0.2815868178028002,-0.282707045996978,-0.2835842259472623,-0.2844619716187386,-0.2855698269504155,-0.286988573770596,-0.2883140292412305,-0.2893702170617933,-0.2904078717352626,-0.2912416647526361,-0.2920599804176578,-0.2928611386352924,-0.2936587126327295,-0.2944712838407089,-0.2954328418407876,-0.2965459533908615,-0.2976984040266701,-0.2984505336619291,-0.2993952874068827,-0.3005756216663913,-0.3017631509240996,-0.3030204114585879,-0.30400652870776,-0.3050733429101382,-0.3060226347338878,-0.3067522583488646,-0.3078672911790991,-0.3088444031563535,-0.3096952366394568,-0.3107026640627913,-0.3118146138247109,-0.3129498194435758,-0.3138774665166011,-0.3147893762821039,-0.3158108285926758
meanAnt,ssp534-over,CESM2-WACCM,J50,0.0,-0.0010058931823175,-0.0019426623810112,-0.0028452237887154,-0.0036807492196165,-0.0043769713467921,-0.0051488105353632,-0.0061530104560332,-0.0072874663196631,-0.008575724708641,-0.0098562025164304,-0.0109137753249135,-0.0119800562130126,-0.0128730155689402,-0.0137514031547702,-0.0150776007838898,-0.0167405110564003,-0.0181636973505536,-0.0194961256112429,-0.0211692638010296,-0.0232556235838199,-0.0252225788832975,-0.0271922948086874,-0.029398227344709,-0.031388560736121,-0.0334205440032431,-0.0356721840995701,-0.0376193250430266,-0.0393555238174167,-0.0410244136868979,-0.0429894959157201,-0.0452411910546053,-0.0473337304247587,-0.0491437522482967,-0.0506709720048519,-0.0523330467369641,-0.054068296680995,-0.0560710393279751,-0.0580220759771204,-0.0596248206069209,-0.0612333098058924,-0.0627347971439494,-0.0643522137152129,-0.0664076602769744,-0.0683803360312768,-0.0701181249152951,-0.0720801197633042,-0.073991219198392,-0.0758000468314585,-0.077521044583208,-0.0793024385343341,-0.08121775313095,-0.0832205847911924,-0.0853563957990023,-0.0872264471444595,-0.0885588432964353,-0.0901628445743215,-0.0918045726819735,-0.0930994242046214,-0.094741776025805,-0.0964575508687739,-0.0980623921396845,-0.0996268379433178,-0.1015159141677468,-0.1033814773247041,-0.1050495623230468,-0.1067936308454975,-0.1084029380004215,-0.1102197403372653,-0.1120100863452435,-0.1137213653025236,-0.1154728417398204,-0.1170225607248563,-0.118527770661628,-0.1200565946317165,-0.1215806718613077,-0.1232391385172004,-0.1251515612361695,-0.1269797909825409,-0.1285983815128026,-0.1302019017490785,-0.1320107572029802,-0.1341671139028998,-0.1361076959744685,-0.1376216076580116,-0.139162317245159,-0.1405674396120511,-0.1420621008447977,-0.1438048392262107,-0.1455865026146366,-0.147285895592254,-0.14921837870018,-0.1512633638813096,-0.1530091993141173,-0.1547786009995759,-0.1569428558188632,-0.1588155622553295,-0.1604667255724846,-0.1622631911211601,-0.1641262880089755,-0.1660997175875914,-0.1678777264072981,-0.1694789303905047,-0.1711782644054515,-0.172976931789153,-0.175014361611251,-0.1769620386259216,-0.1786677701337205,-0.1802888695736912,-0.1820550480320351,-0.1839128509611802,-0.1856611282704273,-0.1873469403779938,-0.1889761129539141,-0.1906337086023282,-0.1925137836231154,-0.1945445879080574,-0.1964425728010182,-0.198125509014841,-0.2000311346140908,-0.2017073370977459,-0.2032220201437197,-0.2047293308466481,-0.2064084641767869,-0.2082833776502822,-0.2097359213331462,-0.2109625800761244,-0.2123668270362617,-0.2139419873963826,-0.2154103479723467,-0.2164934722854744,-0.2176860501918409,-0.2192741393549765,-0.2208514399779663,-0.2222276258590796,-0.2236230441127325,-0.2250500747558872,-0.2266983794861485,-0.2282390752108553,-0.2298016102814686,-0.2314263683486005,-0.2329636904452208,-0.2345967261543919,-0.2362119897950313,-0.237522409144184,-0.2388957379784196,-0.2404481477456428,-0.2417777765461191,-0.2431088498571691,-0.2443115834564885,-0.2456282825309672,-0.2469301542804669,-0.2480805489989932,-0.2493075906525103,-0.250704337641946,-0.2520812699680752,-0.2533118804125783,-0.2544163604206732,-0.2557297163072142,-0.2573935326046722,-0.25910650547151,-0.260572720214461,-0.2619185068056113,-0.2631709384815989,-0.2646166876896196,-0.2661913883908745,-0.2677286135683956,-0.2692614751910437,-0.2706883894968184,-0.2721406941085036,-0.2735847593548073,-0.2749818381424272,-0.2763544739829343,-0.2777428935355415,-0.2792537885883136,-0.2808542357596366,-0.2822489785617207,-0.2835733686789373,-0.2847907188397753,-0.2858792867958358,-0.287090427359197,-0.2882671810916032,-0.2895235239976115,-0.2907154942445031,-0.2918605245256271,-0.29311902239852,-0.2942257779095341,-0.2954038026064717,-0.2968709951893392,-0.2984261249899473,-0.2998178042092021,-0.3010570225331224,-0.3025255453901687,-0.3039735054969097,-0.305230092259164,-0.3064770639013335,-0.3080147672435492,-0.3096316164870129,-0.3109232979167795,-0.3119113314911945,-0.3129823709375983,-0.3142533498506544,-0.3158482562483014,-0.3175079084769798,-0.318745340482844,-0.3198747240882827,-0.3209077338648908,-0.3222200300341096,-0.3238501820085893,-0.3253620489257035,-0.3265551592484533,-0.3277525580362593,-0.3289534960206057,-0.3301880561057794,-0.3313546346396038,-0.332566647640846,-0.33373762208524,-0.3349604787453444,-0.3363899989490135,-0.3376989010409172,-0.3388097677696391,-0.3399671083348736,-0.3411538461603284,-0.3424254493053561,-0.3438680368375377,-0.34509823376869,-0.3462593307684946,-0.3474329018580259,-0.3487481918815857,-0.3499765810043349,-0.3510596917148394,-0.3521460111213777,-0.3535020888221838,-0.3547342348521384,-0.3557941086043319,-0.3568768048992686,-0.3580049434872743,-0.3591896464171105,-0.3605499732984087,-0.3616091924856952,-0.3627529844547308,-0.3638750954174802,-0.3649909466708687,-0.3662327786885413,-0.3673079253908863,-0.3684751041425008,-0.3695774520576661,-0.3706281808106867,-0.3717754191066775,-0.3728699515510567,-0.3740837783251977,-0.3756333402855769,-0.3771178040740268,-0.3783510290579714,-0.3795515055797998,-0.3808446696772027,-0.3821775310726256,-0.3833193598570936,-0.3844853127443136,-0.3858522552525292,-0.3872451247070275,-0.3884115397731978,-0.3896418674757727,-0.3910888412452999,-0.3927885151022536,-0.3943936122614503,-0.3956993032920632,-0.396983106054865,-0.3980913369245875,-0.399177440646892,-0.4002503253595194,-0.4013170120564474,-0.402372687788151,-0.4036188738587604,-0.4049906907608985,-0.4064316015513151,-0.4074547877240224,-0.4086715170325832,-0.410117051861338,-0.4115566508694237,-0.4130551170930226,-0.4143920939149011,-0.415710131515527,-0.4169404389648363,-0.4179464965746734,-0.4193317853775715,-0.4205904490498903,-0.4216725630784336,-0.4229832076882213,-0.4243338663200662,-0.4257017568344971,-0.4269600829787374,-0.428194553221637,-0.4294743025745752
meanAnt,ssp534-over,CESM2-WACCM,WT,0.0,0.0012559502532685,0.0022845276244053,0.0026326580060529,0.0027606213137919,0.0027802001285645,0.0034734839107474,0.0039736998580287,0.0043021665541587,0.0045662192018188,0.0046834388549745,0.0049441261690823,0.0049849411370624,0.0053793230260249,0.0055668313488469,0.0053898638075892,0.0047158526527109,0.0043722154491322,0.0040189018170251,0.003486948302098,0.0027150055488892,0.0019467421021585,0.0011911891857115,8.21233895736483e-05,-0.0008472420423669,-0.0017929250376012,-0.0030946388727157,-0.0039962278382794,-0.0048006024955392,-0.0057479010840764,-0.0068991796686338,-0.0082259031639024,-0.0092048565143371,-0.0098865890038832,-0.0105376361665948,-0.0113371936153016,-0.0121166000403162,-0.0130181080527682,-0.0140717354919437,-0.0147768617549768,-0.0155956056528851,-0.0161778924426367,-0.0167487447907145,-0.0179886364010228,-0.0189885576716748,-0.0197786886353611,-0.0208020220550591,-0.021722023014449,-0.0227030665921178,-0.0234581739390527,-0.0241438377509854,-0.025194184570023,-0.0264019777682203,-0.0275462845714208,-0.0284774952112401,-0.0288804462896352,-0.0296223890649586,-0.0302922768866688,-0.0307785242041591,-0.0315716718309049,-0.0324332508831622,-0.0332012687761843,-0.034054013777801,-0.0349263670411047,-0.0359559328102024,-0.0368091215260587,-0.037712337938204,-0.0384812833489805,-0.03938754114296,-0.0404955178701726,-0.0414627459245585,-0.0425413365863399,-0.0434008042580339,-0.0442817520223485,-0.0449467298201557,-0.0456735494048157,-0.0466173481767976,-0.0477074627511924,-0.0487944373157,-0.0496039394024685,-0.0503629626945734,-0.0513557657112858,-0.0526534627766252,-0.0538345079189249,-0.0546083359205851,-0.0553080585695265,-0.055918883267445,-0.0567355564840845,-0.0576998229253148,-0.058708460844304,-0.0595782804291229,-0.0606733231886539,-0.0619081893872865,-0.0628867724280764,-0.0637785400418405,-0.065206653900746,-0.0663974412445351,-0.0672742065081168,-0.0682600798089728,-0.0693320577475678,-0.070480740589532,-0.0714768417131958,-0.0722587262394138,-0.0732007173375982,-0.0742528569634077,-0.075442047202715,-0.0765983670771675,-0.0775014237171274,-0.0784199635414444,-0.0793730179640036,-0.0804828685646158,-0.0814331441580739,-0.0823835286286912,-0.0831726866391761,-0.0841423195110758,-0.0853349247984816,-0.0867383774567043,-0.0878947332965099,-0.08875075143697,-0.0899085212252246,-0.0908544336064526,-0.0917436648217466,-0.0925268246006548,-0.0935028824789953,-0.0946369657506287,-0.0953412105141556,-0.0958859800920701,-0.0966238463418407,-0.097430435947934,-0.0982543454043589,-0.0986690241296024,-0.0991858100849676,-0.1001303585015617,-0.1010664551231844,-0.1018872810651982,-0.1026763071542063,-0.103463510237105,-0.104474493812719,-0.1054460723520989,-0.1063733061384989,-0.1073393658478861,-0.1081979425033143,-0.1091478772172701,-0.1100519884096782,-0.1107004210005647,-0.1114953535258482,-0.1123830816890889,-0.1130994396191613,-0.1137391205918119,-0.1144200501244322,-0.1149194041913066,-0.1155619230370886,-0.1160794789922927,-0.1166991911043171,-0.1175626740017879,-0.1184582298033975,-0.119027270496855,-0.1196413912398055,-0.1203327372581198,-0.1214190596741988,-0.1224378521806784,-0.1233303259547046,-0.1240913456377947,-0.1247592434506336,-0.1256038165126127,-0.1265649482097341,-0.1274660482910714,-0.1284747418001703,-0.1293263582790755,-0.1302619432724566,-0.1311190169543772,-0.1319068904028546,-0.1326455764938146,-0.1334298083112934,-0.1344747295658146,-0.1354537762388506,-0.1361644385391414,-0.1368828423550744,-0.1375685776385014,-0.1380043169913705,-0.1386018327234045,-0.1391346762217831,-0.1398032726392633,-0.1404788321979511,-0.1410083348650628,-0.1418107992023162,-0.1424445802893039,-0.14309185115289,-0.1440441317641184,-0.1451032811769179,-0.1459181551536131,-0.1466582097740523,-0.1475407230104995,-0.1485365552814177,-0.1492891365451908,-0.1500888276967092,-0.1511637105657978,-0.1522853886164112,-0.1530252856450576,-0.1534572123178269,-0.1539932253776598,-0.1547677814001201,-0.155869194027673,-0.1570775446332359,-0.1577668619220384,-0.1583741925233341,-0.1589181505375282,-0.1597288606291649,-0.1608899476453523,-0.1618787740591785,-0.1625585885901862,-0.1632706234419097,-0.1640938405708542,-0.1648638390126219,-0.1655701294272253,-0.1662685378693233,-0.1669763848249522,-0.167792078713813,-0.1688549218595457,-0.1697002138443618,-0.1704016133516466,-0.1711268559807429,-0.1718378789488055,-0.1727199077051834,-0.1737539325999539,-0.1746825451577371,-0.1754063625660113,-0.1761590341536688,-0.177030417046155,-0.1778106396336645,-0.1783828547121636,-0.1790111079792532,-0.179845963067965,-0.1807540361598659,-0.1814842565352993,-0.182159064603141,-0.1829397240665075,-0.1836643648603554,-0.1846755335550504,-0.1853742410588872,-0.186096037392013,-0.1867823939853385,-0.187435669854208,-0.1881483055657112,-0.1888381170938946,-0.1896262253319612,-0.1902860172903318,-0.1909183961390079,-0.1916344036049254,-0.1922629713518601,-0.1929973921838947,-0.1941576240590932,-0.1952223755204205,-0.1960742719556095,-0.1969057069279775,-0.1977894268193961,-0.1987349787858249,-0.1994925163115954,-0.2002068026307139,-0.2011063020849774,-0.2020944055258879,-0.2028488619023123,-0.2037439253840623,-0.2047241618395747,-0.2060162402075712,-0.2071701698046805,-0.2081124453322107,-0.2090705442242339,-0.2099130811712505,-0.2106280007571601,-0.2112965224080328,-0.2119168735771085,-0.2126729747507577,-0.2135084481420366,-0.214523068586685,-0.2154998280033839,-0.2162464258030106,-0.2171010690807468,-0.2181730422006057,-0.2192702072520201,-0.2203519701972501,-0.2212539342060215,-0.2222738213722302,-0.2231012403241658,-0.2237864798968342,-0.2246839174739529,-0.2255610724233547,-0.2262917285946409,-0.2272097764321302,-0.228234076819839,-0.2291954130764124,-0.2300114701003503,-0.2309142800573995,-0.2317897029280146
meanAnt,ssp534-over,UKESM1-0-LL,J300,0.0,-0.0005802950052613,-0.0007047888308755,-0.0009290882506718,-0.0013464058780389,-0.0018344804424087,-0.0023959861701314,-0.0030151843880775,-0.0037876562274816,-0.0045187300879106,-0.0051388640574304,-0.0056174131142993,-0.0061804469882252,-0.0068088333863407,-0.0074922182431536,-0.0082113408619123,-0.0089525529443121,-0.0097092500147534,-0.0106406073442498,-0.0113986805488157,-0.0122814131731239,-0.0131576568028077,-0.0139845757160145,-0.014902852797166,-0.0158896785635075,-0.0167110087994748,-0.0175362464491786,-0.018431417912209,-0.0194184538985928,-0.0203139906975375,-0.0213617900017741,-0.0223103524498798,-0.0233580851617172,-0.0245687911377376,-0.0256936813687014,-0.0268294980262257,-0.0279331755552488,-0.0290212337618888,-0.0302122710680102,-0.0314529472490959,-0.0327368302234569,-0.033863295243245,-0.0352435102119085,-0.0366970323903029,-0.0384488934019818,-0.0402355227134511,-0.0420439401863619,-0.043762233866983,-0.0453444171926834,-0.0469156825571194,-0.0484752450369794,-0.0500817359344029,-0.0514445667360094,-0.0528372574638602,-0.0543931798600038,-0.0559653894768399,-0.0575185160579673,-0.0591605933387539,-0.0606585811655647,-0.0620865238250764,-0.0636895632334463,-0.0651355314600062,-0.0664781247486429,-0.0678436478390369,-0.0692205718399114,-0.0704485389973366,-0.071680764009689,-0.0729439419395864,-0.0741788023968664,-0.0753611660677426,-0.0764867907275196,-0.0776833838532425,-0.0788540460696678,-0.0800541128378317,-0.081251224130273,-0.0824841516936547,-0.0836467375883042,-0.0848895004463638,-0.0861729162174642,-0.0874769661322871,-0.0886175281550524,-0.0897861526068222,-0.0911256046700172,-0.0923647424246291,-0.0935676947693918,-0.0947392801954918,-0.0960625815206473,-0.0973257368152023,-0.0983863876514848,-0.0993885028671222,-0.1005035311548395,-0.101627217411775,-0.1026861477622327,-0.1038179458936163,,,,,,,,,,,,,,,,,,,,,,,,,,,,,,,,,,,,,,,,,,,,,,,,,,,,,,,,,,,,,,,,,,,,,,,,,,,,,,,,,,,,,,,,,,,,,,,,,,,,,,,,,,,,,,,,,,,,,,,,,,,,,,,,,,,,,,,,,,,,,,,,,,,,,,,,,,,,,,,,,,,,,,,,,,,,,,,,,,,,,,,,,,,,,,,,,,,,,,,,
meanAnt,ssp534-over,UKESM1-0-LL,J50,0.0,-0.0008684546743808,-0.0012621735659459,-0.0018867680665107,-0.0027114166191651,-0.0036151698350305,-0.0046006737512002,-0.0057038748145969,-0.0069045133023563,-0.0079496006765606,-0.0091378581279065,-0.0101049920797858,-0.011183687886277,-0.0124351255376258,-0.0136770302648983,-0.0149910985787252,-0.0164167699201297,-0.0177689199916472,-0.0190991268674916,-0.0205619165319852,-0.0216774428764318,-0.0230481474126233,-0.0244538761283406,-0.0258985039295968,-0.0272998128482651,-0.0288146350359133,-0.0302821224060173,-0.0317970382738986,-0.0334136635935532,-0.0351303356262024,-0.0367714996802285,-0.03845758973425,-0.0398990038273533,-0.0418209258115419,-0.0436248979720632,-0.0454710113677359,-0.0473009953251893,-0.0490938138137607,-0.0506737625671377,-0.0521125207686907,-0.0534031709580773,-0.0550407229538624,-0.0569057954996968,-0.0585631287127691,-0.0605739456910631,-0.0627299835103565,-0.0649402996098905,-0.067002979520287,-0.068933914456957,-0.0709874315842745,-0.0730215421513967,-0.0750445324300094,-0.0770176828007426,-0.0787554418028652,-0.0807585675828218,-0.0827376190676931,-0.0848050931689485,-0.0869837967902536,-0.089140263265177,-0.0911571403762897,-0.0931322749180817,-0.0950781963229016,-0.0969363484919771,-0.0988065242796625,-0.100662083223924,-0.1024860951330236,-0.1042341535843586,-0.1059629762446475,-0.1078773294643313,-0.1097564045035209,-0.111461525988636,-0.1130290064384283,-0.1147154555108065,-0.1165449956827958,-0.1182272055994423,-0.1198655246505327,-0.1215387011889973,-0.1231989120813578,-0.1249469549908938,-0.1266909464685315,-0.1284485331579199,-0.1301745948396266,-0.1318047039891943,-0.1334732965442372,-0.1351925264230399,-0.1369505920427316,-0.138692743274826,-0.1404012015504513,-0.142053660039156,-0.1437784108659807,-0.1455025651418721,-0.1471260478373693,-0.1486925347851714,-0.1503742580676159,,,,,,,,,,,,,,,,,,,,,,,,,,,,,,,,,,,,,,,,,,,,,,,,,,,,,,,,,,,,,,,,,,,,,,,,,,,,,,,,,,,,,,,,,,,,,,,,,,,,,,,,,,,,,,,,,,,,,,,,,,,,,,,,,,,,,,,,,,,,,,,,,,,,,,,,,,,,,,,,,,,,,,,,,,,,,,,,,,,,,,,,,,,,,,,,,,,,,,,,
meanAnt,ssp534-over,UKESM1-0-LL,WT,0.0,0.0013927103536141,0.0025840268765314,0.0031398358394169,0.0036422986376898,0.0043026727299357,0.0047732652699269,0.0050110956389409,0.0054689197869332,0.0061314207949045,0.0064891816506799,0.0065232369314389,0.0063515333059842,0.0060361804886717,0.0057246172568468,0.0053520637420788,0.0048870364738047,0.0046281247128451,0.0043671901031034,0.0043560861693034,0.0045157340585425,0.0044412822893265,0.0043128175244078,0.0040589283784145,0.0037308443018028,0.0033799025147176,0.0031158829326894,0.002955161066812,0.0025036762439761,0.0019323910107208,0.0015864666172925,0.0012851863677471,0.0008283370373343,0.0002577919129255,-0.0003965112173694,-0.0011191228999465,-0.0016890489938335,-0.0024620048537632,-0.003144793447188,-0.0039544765983433,-0.0046720606714044,-0.0054233296943597,-0.0062569438603707,-0.0071603341299868,-0.008508846960649,-0.0099746957186828,-0.0114676705008989,-0.0128687004228191,-0.0141395820075953,-0.0154985574086245,-0.0167661292068728,-0.0179832651899197,-0.018942985530878,-0.0199686317104846,-0.0210269874197223,-0.0221238936060237,-0.0232940512250484,-0.0244022525412144,-0.025439843172342,-0.0265160943953158,-0.0277738318994416,-0.0288981241349727,-0.0298037803605948,-0.030803449623241,-0.031803424898348,-0.0327040859325712,-0.0335037520418752,-0.0346642721422044,-0.0355753456771846,-0.0363397170756958,-0.0369697353595139,-0.0378016517773704,-0.0388272038774694,-0.0397738173182597,-0.0408274067461723,-0.0419434972614686,-0.0430369593204689,-0.0439505406330592,-0.0450155774050662,-0.0460509100742697,-0.0469721086827815,-0.0479558285160168,-0.0489527989524744,-0.049892008045026,-0.0508599003447007,-0.0516911720101577,-0.0524330235040054,-0.0532673627237931,-0.0540031254482062,-0.0547475357526227,-0.0555799316602659,-0.0563095933602194,-0.0571785736614046,-0.0580018075863386,,,,,,,,,,,,,,,,,,,,,,,,,,,,,,,,,,,,,,,,,,,,,,,,,,,,,,,,,,,,,,,,,,,,,,,,,,,,,,,,,,,,,,,,,,,,,,,,,,,,,,,,,,,,,,,,,,,,,,,,,,,,,,,,,,,,,,,,,,,,,,,,,,,,,,,,,,,,,,,,,,,,,,,,,,,,,,,,,,,,,,,,,,,,,,,,,,,,,,,,
PIG5,ssp534-over,CESM2-WACCM,J300,0.0,-0.0007176602126421,-0.001200197300696,-0.0018703186197591,-0.0024465626828271,-0.002918357142933,-0.0034209328495093,-0.0040583745805128,-0.0047113925526229,-0.0056378604513817,-0.0065924952692253,-0.0073531640455462,-0.0080847014952183,-0.0090901000424365,-0.0099348380657696,-0.0110914723547079,-0.0123839573862824,-0.0134856232805737,-0.0143588131854196,-0.0155696117474287,-0.0168879537073201,-0.0182481453448501,-0.0197369315025766,-0.0216988641610188,-0.0236291985481377,-0.0254921147081044,-0.0274567212443692,-0.0290735351284228,-0.0305815110325788,-0.032008287394234,-0.033584320100554,-0.035069976887708,-0.0364214136923332,-0.0375627453717642,-0.0387376632851923,-0.0401143735784154,-0.0413021461503813,-0.0426849890968795,-0.0441699131687979,-0.0453710202541007,-0.0465676964358802,-0.0475710683583136,-0.0487626704379113,-0.0503874500915902,-0.0518869023689037,-0.0531489910650385,-0.0544907086475349,-0.0559838435531449,-0.0572429246804929,-0.0584282434101772,-0.0594298581079358,-0.0606694768631437,-0.062153471145926,-0.0636555960792349,-0.064990461878141,-0.0657635987240285,-0.0669343941178222,-0.0679663590667996,-0.0687577702081938,-0.0698048700591651,-0.0709638315278735,-0.0719826741546369,-0.0728734945284566,-0.0739983730316053,-0.0752220038966624,-0.0763548445107608,-0.0775409727491972,-0.0786274355691282,-0.079930989622084,-0.0811958234802461,-0.0824548527098366,-0.0837597376197476,-0.0847997236006255,-0.0859498096462026,-0.0870135342330727,-0.0879936641258248,-0.0892364663284523,-0.0905741939672569,-0.0920772769336162,-0.0932874686487333,-0.0944729094407645,-0.0958923024765675,-0.0976848393278315,-0.0993070194612385,-0.1006258319734757,-0.1019249995150774,-0.1031041144226539,-0.1043149075841702,-0.1058038913088629,-0.1071852585265123,-0.1083832568489013,-0.1097075469706619,-0.1111590531317129,-0.1124251597262259,-0.1136973536298718,-0.1152862756275263,-0.1166310543210168,-0.1177171775954602,-0.1188428570768543,-0.1200956769043416,-0.1214253269825106,-0.1226703209459604,-0.1236879341446247,-0.1247721582614491,-0.1260103625039144,-0.1274738999581981,-0.1289335382430499,-0.1301304202255238,-0.1313146425095178,-0.1325716074842366,-0.1338202887747293,-0.134890275728334,-0.1359583841759034,-0.1368671143500589,-0.1379712883956132,-0.1392992092245728,-0.1406716827440141,-0.1419635243437708,-0.1430470044868203,-0.1444716267960863,-0.1457506602362618,-0.1468531008184334,-0.1478132239895465,-0.1490127733037463,-0.1504659379444916,-0.1514674315047109,-0.1520287073668157,-0.1528107443982586,-0.1539508204429948,-0.1550317132875186,-0.1558329325931979,-0.1567178104846475,-0.1580761887670258,-0.159395557288388,-0.1605257511751057,-0.1616519414465475,-0.1627486032614976,-0.164054651443877,-0.1652820513942646,-0.1665516414734591,-0.1678398895314496,-0.1690331692924313,-0.1703443450849015,-0.1716057228251125,-0.1726137699605144,-0.1736965831201381,-0.174964014842002,-0.1760977594128948,-0.1771956059426619,-0.1782771785821142,-0.1792961540496131,-0.1803829049743641,-0.1812485948420944,-0.1822194270136525,-0.1834271362242415,-0.1845644426634803,-0.1854950222759401,-0.1863267291110658,-0.1874359367984097,-0.1887601995078016,-0.1901001290881308,-0.1912388273094962,-0.1922380310185284,-0.1930742626424374,-0.1940392054752038,-0.1951561159379359,-0.1962459449831667,-0.1974175128864588,-0.198537245211282,-0.1996841165998192,-0.2008273146436401,-0.2019152262902556,-0.2029521625180574,-0.2040718215135637,-0.2052585281376983,-0.206446091693924,-0.2075737037848584,-0.2085778352724281,-0.2094506049932141,-0.210162876464751,-0.2109827945693463,-0.2118228325724398,-0.2126671494701812,-0.2135134648857544,-0.2143580955852227,-0.2153827375560961,-0.2161909837352051,-0.2171423771299475,-0.2183782014116958,-0.2196853931674214,-0.2208377670670311,-0.2218242823084671,-0.2230810323872407,-0.2243251144407168,-0.2253407866880135,-0.2263819799951936,-0.2277235715581002,-0.2289423552352782,-0.229877032310833,-0.2304567654248069,-0.2311521676193428,-0.2321573999418242,-0.2335605712755994,-0.2349661058777249,-0.2358988154288658,-0.236676300897399,-0.2375067871159827,-0.2385784171667794,-0.2399510890486642,-0.2411629782241309,-0.2420954030739569,-0.243181373413724,-0.2442161961104098,-0.2452349248457323,-0.2461326863518096,-0.2470757578441565,-0.2479225977458394,-0.2489273877898314,-0.2500898155032439,-0.2511509138813251,-0.252033234902657,-0.2528296286705599,-0.2536721516768823,-0.2546894558167277,-0.2558244535570937,-0.2568154097526827,-0.2577204074930689,-0.2586594045044622,-0.2598206330640066,-0.2608307080430054,-0.2616069177761959,-0.2624138102448052,-0.2634139986615946,-0.2644467953426342,-0.2652784271949741,-0.2662047184342825,-0.26704556418359,-0.2679942713098901,-0.2692080291554725,-0.2700900479604246,-0.2709264909960975,-0.2717437062564936,-0.2725910270719632,-0.2734737484015956,-0.2743384347955342,-0.2752492043397058,-0.2760373026085951,-0.2767396629813772,-0.2775316288700596,-0.2783181109172155,-0.2791268743433922,-0.2803498927320654,-0.2815813037482064,-0.2827236982253152,-0.2838228711883528,-0.2849502513004243,-0.286100298054785,-0.2871260303483536,-0.288075179269493,-0.2891674785757169,-0.2904212197643879,-0.2913843034834342,-0.2923149945591982,-0.2934183444008527,-0.2947329353247468,-0.2958911683380558,-0.2968519525134076,-0.2978423782657067,-0.2986497914443186,-0.2995083526072367,-0.3003562581877237,-0.3012519318251577,-0.3021672369613444,-0.3032337678847401,-0.304474243713248,-0.3055710874715835,-0.3064292601499347,-0.3073961036702808,-0.3085849989193374,-0.3097376758029726,-0.3109125292007602,-0.3118806156543781,-0.312852935780172,-0.3138152950241424,-0.3144434415787437,-0.315616905267521,-0.3165579883342931,-0.3173685144874914,-0.3184465278978312,-0.3195745596179706,-0.320640294941053,-0.3215885432987437,-0.3225645795643194,-0.3235714666489028
PIG5,ssp534-over,CESM2-WACCM,J50,0.0,-0.0010058931823175,-0.0020572714790691,-0.0031954223600667,-0.0042377740133299,-0.0051560914849951,-0.0060955879338744,-0.007161204172643,-0.008285782517851,-0.0096252912722265,-0.0109301204180988,-0.0122086148480124,-0.0134595692841644,-0.0146997455064988,-0.0159923557659883,-0.0176922267936391,-0.0195998251363586,-0.021130417490115,-0.0224965664045829,-0.024287051237415,-0.0263191201510292,-0.0281940649971488,-0.0298667656583858,-0.0321360383535639,-0.0345010954425345,-0.0369986939668302,-0.0395507219008907,-0.0414817683091319,-0.043317593526772,-0.0451992678462847,-0.0471499953354932,-0.0492294896070397,-0.0512242131772069,-0.0529883875233437,-0.0546371739227502,-0.0563869345947022,-0.0582192612422605,-0.0602610034987509,-0.062233360809656,-0.0639277882961595,-0.0656798734052303,-0.0671646739913618,-0.0688990319951966,-0.0710860129823623,-0.0731776538480388,-0.0750451548900117,-0.0770544740633576,-0.0791848576838786,-0.0810267040446064,-0.0827810727128698,-0.0845062686972435,-0.0864209286638183,-0.0885035804455359,-0.0906275962976606,-0.0924575278674633,-0.0938424755878093,-0.0954766193308807,-0.0971220205524565,-0.0985018728622894,-0.1001307231265686,-0.101868226491097,-0.1035277687662268,-0.1050450261839788,-0.1067622806912415,-0.1084814256988932,-0.1101020005739438,-0.1117009658684652,-0.1132399545128192,-0.1149821037538024,-0.1167775848445023,-0.1184693127026699,-0.1202742587624142,-0.121875971199808,-0.1235178018681242,-0.1251376875036902,-0.1267358644450232,-0.1284260894766054,-0.1303902634984939,-0.1322894051955367,-0.1339126492401236,-0.1356491691981207,-0.1375129536283585,-0.139720408029455,-0.1418629977283121,-0.1436269105348188,-0.1453909853366459,-0.147058960214346,-0.1488140553106909,-0.1507538759497092,-0.1525713328253694,-0.1542738694779684,-0.156058231365161,-0.1579911822665981,-0.1596888773304494,-0.1614298694138448,-0.1634641548093995,-0.1652217851343148,-0.1666369641442895,-0.1681915159629698,-0.1698154160760646,-0.1715563820538476,-0.1732294596269351,-0.1746537197477002,-0.176135200634522,-0.1777462632810937,-0.1796515947973778,-0.1814578835765609,-0.1831257622489408,-0.184711290530512,-0.1863544974800552,-0.188013525820008,-0.1895070151473785,-0.1909618312255954,-0.1923153379772506,-0.1937263530003342,-0.1954004809436982,-0.1972157324242406,-0.1989424013930739,-0.2004747256984294,-0.2023123233224985,-0.20399581425803,-0.2054737535495628,-0.2069180086489225,-0.2085098422545999,-0.2103972700437051,-0.2116624849960464,-0.2126170043231792,-0.213832785237904,-0.2153949489639597,-0.2168944802582556,-0.2180574787221101,-0.2193965382942153,-0.2211471851151733,-0.2228550662835202,-0.2243590533663034,-0.225859833246647,-0.2273963735506252,-0.2290962442656438,-0.2306824435043734,-0.2322737224386835,-0.2339443224571364,-0.2354580499861116,-0.2370883867093577,-0.2387466476054027,-0.2401366706836562,-0.2416125323346462,-0.2432435814589081,-0.2447438632848153,-0.2462142171896623,-0.2476933279010696,-0.2490690433797266,-0.2505669148664222,-0.2518824038093336,-0.2532678915242324,-0.2549297318336556,-0.2565054621282095,-0.2578105437020808,-0.2590281347643439,-0.2604199974975082,-0.2621337615716745,-0.2637947858923332,-0.2652168857650935,-0.2664961359532785,-0.2676405081257221,-0.2688622443038121,-0.2702608681654934,-0.2717026475497676,-0.2732872445729947,-0.2747712199323157,-0.2762413913842432,-0.2777420281571006,-0.279122852659408,-0.2805783661668833,-0.2821198858474913,-0.2837296415583197,-0.2853325484228949,-0.2867793645516163,-0.288259651658533,-0.2895024603973326,-0.2905272045875141,-0.2917473611709612,-0.2930005230530157,-0.294300287456521,-0.2955917203058508,-0.2968438592431903,-0.298234444250905,-0.2994508195201815,-0.3008487402831315,-0.3024296682080739,-0.3041982943144885,-0.3057625388116619,-0.3071746617542615,-0.3088085995447016,-0.3104574899866703,-0.3117848653911905,-0.3132384475725396,-0.3149482900807361,-0.3165092800121003,-0.3177649052376693,-0.3186799148094337,-0.3197261770440178,-0.3210958600850691,-0.3227909577002751,-0.3245945557109673,-0.3258997597461453,-0.3270011480001193,-0.3281939831998322,-0.3296242173433761,-0.3313478342893511,-0.3328997602528429,-0.3342169010034373,-0.335733778417774,-0.3371612718188529,-0.3384477658447371,-0.3397517512603348,-0.3410754276717898,-0.3422542912645162,-0.3435452680281606,-0.3450772575431448,-0.3464724038398074,-0.3476429539354694,-0.3487817919347777,-0.350014808095322,-0.3513488728694287,-0.3528842885431962,-0.3541341614445359,-0.3553719207089514,-0.3566581973645082,-0.3581300022005368,-0.3593896842520545,-0.3604814938344484,-0.3616239168829138,-0.3629096261244252,-0.3643143052867865,-0.3655103516252132,-0.366696962849701,-0.3677758500841395,-0.3689975574477158,-0.3704612454691436,-0.3715618265089174,-0.3727476695432251,-0.3740137965698479,-0.3752151599378094,-0.3764032289452291,-0.3775651425380885,-0.3787831839799519,-0.3798519723475931,-0.3808881294678503,-0.3820108298514575,-0.3830927321770335,-0.3843638789672259,-0.3858805993002637,-0.3873869247243316,-0.3887942469036804,-0.3901285613178287,-0.3915734840243633,-0.3931037605419091,-0.3944705158424061,-0.3957289931075437,-0.3970720449426472,-0.3985988741780188,-0.399820672386084,-0.4010929544195845,-0.4024972724756002,-0.4040413071589761,-0.4055050512715124,-0.4066721494406397,-0.4078936450686312,-0.4090232489529447,-0.4102104088873503,-0.4112619209967825,-0.4124030105593163,-0.4135454031514974,-0.4147827703934823,-0.4162245391356637,-0.4175592589839952,-0.4186287903186228,-0.41987176771884,-0.4213602277079479,-0.4228645568643993,-0.4243747016508221,-0.4255998954894002,-0.4268844762389882,-0.4280749796585424,-0.4290762250793755,-0.4305193544157997,-0.4317500894575372,-0.4328897143526545,-0.4342519461849303,-0.4357012442226187,-0.4370809741559247,-0.438301616756039,-0.4395783472153649,-0.4407751821061463
PIG5,ssp534-over,CESM2-WACCM,WT,0.0,0.0012559502532685,0.0023309120559022,0.0026197906439119,0.0026318281483357,0.0027358296952402,0.0034339324532463,0.0038122804759382,0.004291638608225,0.0045711717418211,0.0045619232869048,0.0048132094090752,0.0048083642702594,0.0049324186018715,0.0049949865273468,0.0048005164540275,0.0040623805211421,0.0036752644233796,0.0034857959569752,0.0029925689413458,0.0022583057809764,0.0016195991966958,0.0007987781911136,-0.0005611085025085,-0.0019949599914162,-0.0034680661901573,-0.0050583321187379,-0.0061819719369361,-0.0071464979958337,-0.008171308553082,-0.0093863514793641,-0.0107909126449396,-0.0120748109779451,-0.0130361756636983,-0.0138547498375118,-0.0146767944791549,-0.0154288510528694,-0.0165798713251745,-0.0177074919963983,-0.018497489279109,-0.0193022762512883,-0.02005541273938,-0.0209468134118683,-0.0222558424195208,-0.0234508267948177,-0.0245244375980407,-0.0255872665854924,-0.0268613112811005,-0.0279403160751929,-0.028863971304266,-0.0297263501698673,-0.0308329499745819,-0.0320116988052895,-0.0333664766146126,-0.0342679465932667,-0.0346186927723691,-0.0352245760052309,-0.0357546963128342,-0.035966181518481,-0.0365721634521133,-0.0374555854523611,-0.0381624544977332,-0.0387163701383721,-0.0395399169409845,-0.0403980585496297,-0.0412004152910173,-0.0420779030791221,-0.0428379928295624,-0.0437750228361655,-0.0447540393817514,-0.045681704830763,-0.0466947352477781,-0.0476300080832654,-0.0485619063805348,-0.0493749488644769,-0.0501336597406732,-0.051066118211964,-0.0522863477624195,-0.0534213183816434,-0.0543268525196833,-0.0552010470725971,-0.0562176814635412,-0.0577703477348169,-0.0591593998311824,-0.060203618903923,-0.0612396788687275,-0.0620653517557542,-0.0630432076211349,-0.0642254035382949,-0.0652380783993982,-0.0661034998640719,-0.0671004163354807,-0.0682084077277963,-0.0691565772325604,-0.0701174014284164,-0.071301644586316,-0.0723072340020044,-0.0730043522898564,-0.0737872291333116,-0.074687631524195,-0.0757050657163388,-0.0766330468035546,-0.0773229943830338,-0.0780888064674262,-0.0789582462707361,-0.0800668545778788,-0.081183767223983,-0.0820359740605878,-0.0828290158054066,-0.0837773221780988,-0.084703305228086,-0.0854137979989755,-0.0861689746361733,-0.0867865720422716,-0.0875851081682042,-0.0886846519045441,-0.0897071842710963,-0.0906703154708138,-0.0914103775455233,-0.0924736848581279,-0.0934297109187615,-0.0941244259969577,-0.0947711127227376,-0.0955744232713232,-0.0967148398157866,-0.0973344928438469,-0.0974943951301765,-0.097895285951814,-0.0986154479432562,-0.0992455447988142,-0.0996009683899813,-0.1001685256419818,-0.1011400928797963,-0.1020596658946875,-0.1029037648280589,-0.1037554955437316,-0.1045662145001465,-0.1054807598615683,-0.1063843032064832,-0.1073000910562083,-0.1082911529029019,-0.1091048371384386,-0.1102050674166921,-0.1113984141148836,-0.1122782632087038,-0.1131990623016772,-0.1143186015443666,-0.1153587613145187,-0.1163480949964759,-0.1172227976751244,-0.1180451495635927,-0.1188824147858061,-0.1195179181809761,-0.1202776699711458,-0.1212956988268894,-0.1221892757140021,-0.1227935463810595,-0.1234454938279218,-0.1242626330731824,-0.1253852435670241,-0.126518245278895,-0.1274226105538761,-0.1281785653088063,-0.128802292689056,-0.1295208514828476,-0.1303738331336862,-0.1311596595246728,-0.1320925859276461,-0.1330118841834098,-0.1340003362225033,-0.1349204957733633,-0.1357671939283878,-0.1366213829375818,-0.13753586035837,-0.1386093762996581,-0.1396690457841248,-0.1405859134064364,-0.1414558895262792,-0.1421062390871388,-0.1426091302085403,-0.1432529844714053,-0.1439183786289705,-0.1445734277673586,-0.1453027459461203,-0.1459556490883681,-0.1469132669239051,-0.1476247981175193,-0.1484483423005425,-0.1494632091445954,-0.1506121379939521,-0.1516157239400923,-0.15248017151243,-0.1534978287710726,-0.15460505547828,-0.1553461436719096,-0.1561352216426965,-0.1572423089090379,-0.158303131204825,-0.1590076088223635,-0.1593958439446591,-0.1598523137947625,-0.1606583580253924,-0.1617578908938922,-0.1630019625851169,-0.1636999354379996,-0.1643254182180288,-0.1648404766411833,-0.1657750486481498,-0.166933409629614,-0.1679677558321527,-0.1686562258194582,-0.1695405394201286,-0.1704429170788657,-0.1712160472509373,-0.1720321500867014,-0.1728504712098069,-0.1734848002648452,-0.1743773770663377,-0.1753845624961753,-0.1762305934522562,-0.1769125192122968,-0.1776029678501759,-0.1782233862956044,-0.179079640483474,-0.1799903976314288,-0.1808836022792022,-0.1816380455705742,-0.1824346954563258,-0.183380321845212,-0.1841890282094546,-0.1847582333048657,-0.1854432322547925,-0.1862360265129324,-0.1871056580702287,-0.1878150140278071,-0.1885768452293007,-0.1892186695421343,-0.1899698147944356,-0.1910493528657976,-0.1917716322930919,-0.1924216790128031,-0.1931128067291496,-0.1937904405920828,-0.1945073988439547,-0.1952305437727867,-0.1960039009020744,-0.1966221771754276,-0.1971918855880923,-0.1978100986409279,-0.1984318311611029,-0.1990295348550835,-0.2000664814755013,-0.2009568616066958,-0.2018604776758348,-0.2027708912401286,-0.203651514816179,-0.204635923678484,-0.2055606944040153,-0.206327975645766,-0.2072497380406832,-0.2083539635587362,-0.209122391153338,-0.2099516989008653,-0.2108501065096919,-0.212020031918374,-0.213058595371525,-0.2139800628816072,-0.2148394860675578,-0.2155237316115634,-0.2162061032702392,-0.2169178536045184,-0.2176040271454554,-0.2183526012941182,-0.2192372183940686,-0.2202578072269831,-0.2213208950154332,-0.2220651218448333,-0.2228256177024122,-0.2238655464260795,-0.2249070525463443,-0.2260193639312629,-0.2267992676163192,-0.2276314141968547,-0.2284426797000907,-0.2289719752695027,-0.2300216663862532,-0.2309215335536703,-0.2316437068431521,-0.2326035963608428,-0.2335307433320609,-0.2344729975121877,-0.2352769068398821,-0.2360993049770607,-0.2369944026269521
PIG5,ssp534-over,UKESM1-0-LL,J300,0.0,-0.0005802950052613,-0.0006878376832208,-0.0008840773983575,-0.0013714343523129,-0.0019576334308948,-0.0026139235673703,-0.0033435642824824,-0.0041916267959239,-0.005094632770472,-0.0058508564137666,-0.0065030820578436,-0.0072379566945701,-0.0080237127741726,-0.0088337154047729,-0.009680803583007,-0.0105668945851004,-0.0114429852021956,-0.0124976113076106,-0.0136422055605394,-0.0147344475097845,-0.01586152485295,-0.0169491903718631,-0.0182211922538236,-0.0196048287504162,-0.0208122262994103,-0.0219136209039755,-0.0230305442932182,-0.0242922590141589,-0.0253417577414152,-0.0263085535336012,-0.0272373334897348,-0.028089292499569,-0.0290953807032766,-0.0301167382515409,-0.0312282899786263,-0.0324467692790757,-0.0336597259432137,-0.0350690326191815,-0.0365573366762085,-0.0379454509195893,-0.039139919239848,-0.0406608404508667,-0.0421224560665599,-0.0435930080780429,-0.0449789258117691,-0.0465070355375048,-0.0480774655765328,-0.0493831948497835,-0.0509124621977782,-0.0523232871662195,-0.0536207312462455,-0.0548667678390913,-0.05628930306803,-0.0579844177579069,-0.0597069959717866,-0.0616019344813858,-0.0635077640437239,-0.064986762433924,-0.0665703091806748,-0.0679900963354932,-0.0692565056326075,-0.0705683890121734,-0.0719308893705174,-0.0732116971330183,-0.0743122781621841,-0.0754420039892793,-0.0766313398790194,-0.0778204286969526,-0.0788722703150809,-0.0799317321135739,-0.0810465393432841,-0.0823411167515357,-0.0835064439157656,-0.0848429172326469,-0.0862655753923146,-0.0875977036666064,-0.0887423267042058,-0.089821062114966,-0.0908305832193765,-0.0919184170443112,-0.0930233381291327,-0.0942162900501506,-0.0954039862421648,-0.0966173633731867,-0.0977988879483457,-0.0989996294694078,-0.1000933373608322,-0.1009772690812308,-0.1020194090374555,-0.1030823508661111,-0.1041757847575626,-0.1051464557286418,-0.1064364683563343,,,,,,,,,,,,,,,,,,,,,,,,,,,,,,,,,,,,,,,,,,,,,,,,,,,,,,,,,,,,,,,,,,,,,,,,,,,,,,,,,,,,,,,,,,,,,,,,,,,,,,,,,,,,,,,,,,,,,,,,,,,,,,,,,,,,,,,,,,,,,,,,,,,,,,,,,,,,,,,,,,,,,,,,,,,,,,,,,,,,,,,,,,,,,,,,,,,,,,,,
PIG5,ssp534-over,UKESM1-0-LL,J50,0.0,-0.0008684546743808,-0.0012444199904604,-0.0018316519995453,-0.0027435184950203,-0.0038036452804625,-0.0048512417307811,-0.006009030720311,-0.0073088724148008,-0.0085752353593131,-0.0097820489606538,-0.0110895012656045,-0.0124871248135846,-0.0139394262980971,-0.0154154816165693,-0.0169584381574122,-0.0185462728772995,-0.0199805884858626,-0.0215713408850703,-0.0233822713262263,-0.0252371422046776,-0.0266471107411867,-0.0282062412768638,-0.0299491902161778,-0.0317850831053987,-0.0333807019717741,-0.0348127007364489,-0.0363865517101761,-0.0380917017069466,-0.0397514009072562,-0.0413686497680034,-0.0431073076437501,-0.0446934488341992,-0.0463304553897604,-0.0477563527733427,-0.0493629681837891,-0.0511511452464669,-0.0530607514371055,-0.0549961988361321,-0.056511160354905,-0.0586019377357399,-0.0604938334587982,-0.0622406897758984,-0.0639914492655158,-0.0658382352589712,-0.0675500405699761,-0.0691916285929077,-0.0711121583252338,-0.072945352512336,-0.0748211968812002,-0.0765611708060483,-0.0784102444493134,-0.0804573326824307,-0.0823891906356097,-0.0844027699145855,-0.0866347039260444,-0.0890180099431756,-0.09139664328441,-0.0938333203785041,-0.0960511067293067,-0.0982251201869053,-0.1003078587177435,-0.1024502825836278,-0.104636311089831,-0.1067532391516649,-0.108681219964213,-0.1105612421413126,-0.1124270832377465,-0.1142518362586779,-0.1160112537163915,-0.1179944365306462,-0.1199882549722153,-0.1218030414282371,-0.1235932382631609,-0.1252471693641152,-0.1268441997658295,-0.1284930313863424,-0.130227440688177,-0.1319889613275198,-0.1336283718131322,-0.1353226685534912,-0.1369077806268442,-0.1385475699326778,-0.1402723598644676,-0.1419074143839598,-0.1436180087311363,-0.145295431036836,-0.1471051224550536,-0.1489918562891359,-0.1508552560286955,-0.1526104909695072,-0.1544015107404212,-0.1561654100717779,-0.1580183985685914,,,,,,,,,,,,,,,,,,,,,,,,,,,,,,,,,,,,,,,,,,,,,,,,,,,,,,,,,,,,,,,,,,,,,,,,,,,,,,,,,,,,,,,,,,,,,,,,,,,,,,,,,,,,,,,,,,,,,,,,,,,,,,,,,,,,,,,,,,,,,,,,,,,,,,,,,,,,,,,,,,,,,,,,,,,,,,,,,,,,,,,,,,,,,,,,,,,,,,,,
PIG5,ssp534-over,UKESM1-0-LL,WT,0.0,0.0013927103536141,0.0026017393226257,0.0032522301636625,0.0036456493592867,0.0042397759917388,0.0048365391910562,0.0050082753562359,0.0054514353335366,0.0057007258481151,0.0054939522152591,0.0051119536842806,0.0045599490330144,0.0039621447212728,0.0033949485189079,0.0027242630275527,0.001930493604522,0.0014700031691827,0.0009707430231521,0.0006201843374666,0.0004701538310499,0.0002965272158951,0.0001858243275029,-0.0001879531617122,-0.0006992689354235,-0.0011799611725352,-0.0016116496611013,-0.0019929078902489,-0.0024034101476562,-0.0028050055851529,-0.0032146875922815,-0.0035353903077868,-0.0037251054043882,-0.0039865455219624,-0.004580469495302,-0.0053003158418203,-0.0062192715315737,-0.0072939122722292,-0.0084077105140093,-0.0095747999989297,-0.0105224439569681,-0.0112199888245388,-0.0120881697808175,-0.0129259915845346,-0.0137399209250952,-0.0146029837414612,-0.015612696918317,-0.0165666438700631,-0.017437528289081,-0.0183237215408083,-0.0192170670438111,-0.0201620559551464,-0.0214311768062363,-0.0226842243746683,-0.0240891657846963,-0.0255036828069124,-0.0269298734225109,-0.0283980107337827,-0.0298389249076261,-0.0311579312311905,-0.0322745255229879,-0.0333560153141048,-0.0342693946978837,-0.0350232556916824,-0.036099140649347,-0.037064320596176,-0.0379502297298471,-0.0388905534871701,-0.0396644114219176,-0.040385357390715,-0.0410231401544358,-0.0417930799025202,-0.0428580691608386,-0.0437482587253694,-0.0445081707743875,-0.0452053920512873,-0.0458687222181897,-0.0466794951297194,-0.0475581601204315,-0.0483522694138185,-0.0491681247490674,-0.0499159074249179,-0.0507956465403885,-0.0515035693815475,-0.0522483819583623,-0.0530917244116094,-0.0539289011712089,-0.0546712293686419,-0.0555193027306939,-0.0562777351737941,-0.0570962816987707,-0.0578133662951942,-0.0585542331231576,-0.0593496142073143,,,,,,,,,,,,,,,,,,,,,,,,,,,,,,,,,,,,,,,,,,,,,,,,,,,,,,,,,,,,,,,,,,,,,,,,,,,,,,,,,,,,,,,,,,,,,,,,,,,,,,,,,,,,,,,,,,,,,,,,,,,,,,,,,,,,,,,,,,,,,,,,,,,,,,,,,,,,,,,,,,,,,,,,,,,,,,,,,,,,,,,,,,,,,,,,,,,,,,,,
